0.209752 0.169062
0.160104 0.190186
0.17048 0.191011
0.161867 0.111339
0.188379 0.155126
0.155035 0.0835798
0.17886 0.170226
0.139611 0.120509
0.101838 0.220112
0.196831 0.178135
0.325279 0.33839
0.328114 0.391632
0.343314 0.423551
0.330521 0.372596
0.363567 0.370171
0.37293 0.408318
0.304399 0.379603
0.30082 0.343128
0.355213 0.351034
0.304552 0.350087
0.613817 0.271224
0.637982 0.264717
0.552944 0.308916
0.541438 0.326799
0.678436 0.322924
0.558922 0.24852
0.542668 0.319248
0.605821 0.319895
0.475115 0.333711
0.59565 0.28276
0.46616 0.118199
0.398388 0.0929163
0.463066 0.186261
0.449366 0.108774
0.407354 0.102593
0.412674 0.17253
0.448476 0.0487422
0.426544 0.171672
0.359081 0.154356
0.37308 0.179805
0.209952 0.168062
0.161104 0.191186
0.17548 0.194011
0.164867 0.112339
0.188679 0.154126
0.155735 0.0855798
0.17986 0.174226
0.239611 0.220509
0.131838 0.220112
0.196831 0.178535
0.315279 0.33539
0.338114 0.371632
0.343214 0.443551
0.330821 0.372296
0.363567 0.370371
0.37253 0.405318
0.304199 0.359603
0.30052 0.342128
0.355213 0.321034
0.334552 0.350087
0.623817 0.271224
0.637982 0.194717
0.552444 0.338916
0.541238 0.316799
0.678436 0.392924
0.558122 0.29852
0.542968 0.319248
0.505821 0.359895
0.375115 0.233711
0.53565 0.24276
0.42616 0.148199
0.392388 0.1929163
0.463066 0.186261
0.44366 0.10874
0.47354 0.12593
0.42674 0.1253
0.448476 0.0687422
0.426544 0.121672
0.359081 0.134356
0.37308 0.172805
0.409752 0.69062
0.120104 0.190186
0.17048 0.192011
0.161867 0.141339
0.158379 0.155126
0.125035 0.0735798
0.1786 0.173226
0.13611 0.120509
0.101838 0.22012
0.196831 0.18135
0.35279 0.33839
0.38114 0.491632
0.343314 0.23551
0.33521 0.372596
0.363567 0.70171
0.37233 0.48318
0.30499 0.37603
0.35082 0.33128
0.35213 0.31034
0.64552 0.50087
0.63817 0.221224
0.67982 0.364717
0.52944 0.30916
0.541438 0.36799
0.78436 0.32924
0.55922 0.22852
0.54668 0.31248
0.60821 0.39895
0.47515 0.33311
0.59565 0.2276
0.4666 0.11199
0.39388 0.0959163
0.46066 0.16261
0.44366 0.208774
0.40354 0.52593
0.412674 0.1253
0.44476 0.0487422
0.42644 0.71672
0.359081 0.154356
0.3708 0.17980
0.209752 0.16062
0.1604 0.190186
0.1048 0.131011
0.161867 0.11339
0.188379 0.55126
0.155035 0.035798
0.17886 0.17226
0.13611 0.120509
0.1838 0.2212
0.19631 0.18135
0.3279 0.3339
0.32114 0.691632
0.34314 0.43551
0.3321 0.37596
0.33567 0.70171
0.3293 0.08318
0.30499 0.39603
0.3002 0.33128
0.35523 0.31034
0.30452 0.3087
0.61317 0.21224
0.6382 0.26417
0.55944 0.3916
0.5438 0.32799
0.67836 0.3924
0.5522 0.2452
0.5468 0.3148
0.6021 0.3198
0.4755 0.3311
0.5955 0.2276
0.4616 0.1199
0.3388 0.0929163
0.463066 0.186261
0.44936 0.1774
0.4354 0.10293
0.4674 0.1253
0.4486 0.04422
0.4244 0.1716
0.3581 0.14356
0.3730 0.17805
0.2052 0.19062
0.160104 0.1986
0.17048 0.1011
0.1867 0.111339
0.1879 0.155126
0.15035 0.0835798
0.1786 0.17226
0.19611 0.12509
0.11838 0.20112
0.19831 0.17835
0.32279 0.3839
0.3214 0.39632
0.343314 0.42551
0.330521 0.372596
0.363567 0.370171
0.37293 0.408318
0.304399 0.39603
0.30082 0.343128
0.355213 0.351034
0.304552 0.350087
0.613817 0.271224
0.637982 0.24717
0.552944 0.308916
0.541438 0.326799
0.678436 0.322924
0.558922 0.24852
0.542668 0.319248
0.605821 0.19895
0.47515 0.333711
0.5955 0.2827
0.4616 0.11199
0.38388 0.092163
0.46366 0.16261
0.44366 0.10874
0.47354 0.12593
0.41674 0.1753
0.4476 0.048422
0.42644 0.171672
0.359081 0.154356
0.37308 0.179805