T1 1 2 5
T2 2 4
T3 2 3
T4 1 2 4
T5 1 3
T6 2 3
T7 1 3
T8 1 2 3 5
T9 1 2 3
T10 1 2 4 5
T11 1 2 4 6
T12 2 3 5 6
T13 1 2 4 6
T14 1 3 5
T15 2 3
T16 1 3 4
T17 1 2 3 5
T18 1 2 3
T19 1 2 5
T20 2 4 6
T21 2 3 4
T22 1 2 4
T23 1 3 6
T24 2 3
T25 1 2 3
T26 1 2 3 5 6
T27 1 2 3
T28 1 2 5
T29 2 4
T30 2 3 4
T31 1 2 4
T32 1 3 6
T33 2 3
T34 1 2 6
T35 1 2 3 5
T36 1 2 3
T37 1 2 5
T38 2 4
T39 2 3
T40 1 2 4
T41 1 3
T42 2 3
T43 1 3 6
T44 1 2 3 5
T45 1 2 3
T46 1 2 5
T47 2 4
T48 2 3
T49 1 2 4
T50 1 3
T51 2 3
T52 1 3
T53 1 2 3 5
T54 1 2 3 4
T55 1 2 5
T56 2 4
T57 2 3
T58 1 2 4
T59 1 3
T60 2 3
T61 1 3
T62 1 2 3 5
T63 1 2 3
T64 1 2 5
T65 2 4
T66 2 3
T67 1 2 4
T68 1 3
T69 2 3 6
T70 1 3
T71 1 2 3 5
T72 1 2 3
T73 1 2 5
T74 2 4
T75 2 3
T76 1 2 4
T77 1 3 6
T78 2 3
T79 1 3
T80 1 2 3 5
T81 1 2 3 6
T82 1 2 5
T83 2 4
T84 2 3
T85 1 2 4
T86 1 3
T87 2 3
T88 1 3
T89 1 2 3 5
T90 1 2 3 4
T91 1 2 5
T92 2 4 6
T93 2 3 5
T94 1 2 4
T95 1 3 5
T96 2 3 6
T97 1 3 4
T98 1 2 3 5 6
T99 1 2 3
T100 1 2 5
T101 1 2 5
T102 2 4 6
T103 2 3 5
T104 1 2 4
T105 1 3
T106 2 3
T107 1 3
T108 1 2 3 5
T109 1 2 3
T110 1 2 4 5
T111 1 2 4
T112 2 3 5 6
T113 1 2 4 6
T114 1 3 5
T115 2 3 4
T116 1 3 6
T117 1 2 3 5
118 1 2 3
T119 1 2 5
T120 2 4
T121 2 3
T122 1 2 4
T123 1 3
T124 2 3
T125 1 3
T126 1 2 3 5 6
T127 1 2 3 5
T128 1 2 5
T129 2 4 5 6
T130 2 3 4 5 6
T131 1 2 4 6
T132 1 3
T133 2 3 5
T134 1 3 4
T135 1 2 3 5
T136 1 2 3 6
T137 1 2 5 6
T138 2 4 6
T139 2 3 4
T140 1 2 4 6
T141 1 3
T142 2 3
T143 1 3
T144 1 2 3 5 6
T145 1 2 3
T146 1 2 5
T147 2 4
T148 2 3
T149 1 2 4 5
T150 1 3
T151 2 3
T152 1 3
T153 1 2 3 5 6
T154 1 2 3
T155 1 2 5
T156 2 4 5
T157 2 3 5 6
T158 1 2 4 5 6
T159 1 3
T160 2 3 4 5 6
T161 1 3
T162 1 2 3 5
T163 1 2 3 5
T164 1 2 5 6
T165 2 4 5
T166 2 3 4
T167 1 2 4 6
T168 1 3
T169 2 3
T170 1 3
T171 1 2 3 5
T172 1 2 3
T173 1 2 5
T174 2 4
T175 2 3 5 6
T176 1 2 4 5 6
T177 1 3 4 5 6
T178 2 3 5
T179 1 3 5
T180 1 2 3 5 6
T181 1 2 3 5
T182 1 2 5
T183 2 4 6
T184 2 3 6
T185 1 2 4 
T186 1 3 6
T187 2 3
T188 1 3 5
T189 1 2 3 5
T190 1 2 3
T191 1 2 5
T192 2 4
T193 2 3
T194 1 2 4
T195 1 3
T196 2 3
T197 1 3
T198 1 2 3 5
T199 1 2 3 6
T200 1 2 5 5 6